{
 "metadata": {
  "name": "",
  "signature": "sha256:843ac7409f935af755115d21f7f3b4df29189dde99f0530595a1716a082c701f"
 },
 "nbformat": 3,
 "nbformat_minor": 0,
 "worksheets": [
  {
   "cells": [
    {
     "cell_type": "code",
     "collapsed": false,
     "input": [
      "# any other imports here\n",
      "import pandas as pd\n",
      "import numpy as np\n",
      "import matplotlib.pyplot as plt\n",
      "import seaborn as sns\n",
      "from __future__ import division\n",
      "pd.set_option('display.max_rows', 500)\n",
      "pd.set_option('display.max_columns', 50)\n",
      "pd.set_option('display.width', 1000)"
     ],
     "language": "python",
     "metadata": {},
     "outputs": [],
     "prompt_number": 1
    },
    {
     "cell_type": "code",
     "collapsed": false,
     "input": [
      "from sklearn import feature_selection as f_select\n",
      "from sklearn import linear_model as lm\n",
      "from sklearn import cross_validation as cv\n",
      "from sklearn import metrics\n",
      "from sklearn.datasets import load_boston"
     ],
     "language": "python",
     "metadata": {},
     "outputs": [],
     "prompt_number": 2
    },
    {
     "cell_type": "code",
     "collapsed": false,
     "input": [
      "boston = load_boston()\n",
      "desc = boston.DESCR\n",
      "df = pd.DataFrame(boston.data, columns=boston.feature_names)\n",
      "df['MEDV'] = boston.target\n",
      "\n",
      "df.head()"
     ],
     "language": "python",
     "metadata": {},
     "outputs": [
      {
       "html": [
        "<div style=\"max-height:1000px;max-width:1500px;overflow:auto;\">\n",
        "<table border=\"1\" class=\"dataframe\">\n",
        "  <thead>\n",
        "    <tr style=\"text-align: right;\">\n",
        "      <th></th>\n",
        "      <th>CRIM</th>\n",
        "      <th>ZN</th>\n",
        "      <th>INDUS</th>\n",
        "      <th>CHAS</th>\n",
        "      <th>NOX</th>\n",
        "      <th>RM</th>\n",
        "      <th>AGE</th>\n",
        "      <th>DIS</th>\n",
        "      <th>RAD</th>\n",
        "      <th>TAX</th>\n",
        "      <th>PTRATIO</th>\n",
        "      <th>B</th>\n",
        "      <th>LSTAT</th>\n",
        "      <th>MEDV</th>\n",
        "    </tr>\n",
        "  </thead>\n",
        "  <tbody>\n",
        "    <tr>\n",
        "      <th>0</th>\n",
        "      <td> 0.00632</td>\n",
        "      <td> 18</td>\n",
        "      <td> 2.31</td>\n",
        "      <td> 0</td>\n",
        "      <td> 0.538</td>\n",
        "      <td> 6.575</td>\n",
        "      <td> 65.2</td>\n",
        "      <td> 4.0900</td>\n",
        "      <td> 1</td>\n",
        "      <td> 296</td>\n",
        "      <td> 15.3</td>\n",
        "      <td> 396.90</td>\n",
        "      <td> 4.98</td>\n",
        "      <td> 24.0</td>\n",
        "    </tr>\n",
        "    <tr>\n",
        "      <th>1</th>\n",
        "      <td> 0.02731</td>\n",
        "      <td>  0</td>\n",
        "      <td> 7.07</td>\n",
        "      <td> 0</td>\n",
        "      <td> 0.469</td>\n",
        "      <td> 6.421</td>\n",
        "      <td> 78.9</td>\n",
        "      <td> 4.9671</td>\n",
        "      <td> 2</td>\n",
        "      <td> 242</td>\n",
        "      <td> 17.8</td>\n",
        "      <td> 396.90</td>\n",
        "      <td> 9.14</td>\n",
        "      <td> 21.6</td>\n",
        "    </tr>\n",
        "    <tr>\n",
        "      <th>2</th>\n",
        "      <td> 0.02729</td>\n",
        "      <td>  0</td>\n",
        "      <td> 7.07</td>\n",
        "      <td> 0</td>\n",
        "      <td> 0.469</td>\n",
        "      <td> 7.185</td>\n",
        "      <td> 61.1</td>\n",
        "      <td> 4.9671</td>\n",
        "      <td> 2</td>\n",
        "      <td> 242</td>\n",
        "      <td> 17.8</td>\n",
        "      <td> 392.83</td>\n",
        "      <td> 4.03</td>\n",
        "      <td> 34.7</td>\n",
        "    </tr>\n",
        "    <tr>\n",
        "      <th>3</th>\n",
        "      <td> 0.03237</td>\n",
        "      <td>  0</td>\n",
        "      <td> 2.18</td>\n",
        "      <td> 0</td>\n",
        "      <td> 0.458</td>\n",
        "      <td> 6.998</td>\n",
        "      <td> 45.8</td>\n",
        "      <td> 6.0622</td>\n",
        "      <td> 3</td>\n",
        "      <td> 222</td>\n",
        "      <td> 18.7</td>\n",
        "      <td> 394.63</td>\n",
        "      <td> 2.94</td>\n",
        "      <td> 33.4</td>\n",
        "    </tr>\n",
        "    <tr>\n",
        "      <th>4</th>\n",
        "      <td> 0.06905</td>\n",
        "      <td>  0</td>\n",
        "      <td> 2.18</td>\n",
        "      <td> 0</td>\n",
        "      <td> 0.458</td>\n",
        "      <td> 7.147</td>\n",
        "      <td> 54.2</td>\n",
        "      <td> 6.0622</td>\n",
        "      <td> 3</td>\n",
        "      <td> 222</td>\n",
        "      <td> 18.7</td>\n",
        "      <td> 396.90</td>\n",
        "      <td> 5.33</td>\n",
        "      <td> 36.2</td>\n",
        "    </tr>\n",
        "  </tbody>\n",
        "</table>\n",
        "</div>"
       ],
       "metadata": {},
       "output_type": "pyout",
       "prompt_number": 4,
       "text": [
        "      CRIM  ZN  INDUS  CHAS    NOX     RM   AGE     DIS  RAD  TAX  PTRATIO       B  LSTAT  MEDV\n",
        "0  0.00632  18   2.31     0  0.538  6.575  65.2  4.0900    1  296     15.3  396.90   4.98  24.0\n",
        "1  0.02731   0   7.07     0  0.469  6.421  78.9  4.9671    2  242     17.8  396.90   9.14  21.6\n",
        "2  0.02729   0   7.07     0  0.469  7.185  61.1  4.9671    2  242     17.8  392.83   4.03  34.7\n",
        "3  0.03237   0   2.18     0  0.458  6.998  45.8  6.0622    3  222     18.7  394.63   2.94  33.4\n",
        "4  0.06905   0   2.18     0  0.458  7.147  54.2  6.0622    3  222     18.7  396.90   5.33  36.2"
       ]
      }
     ],
     "prompt_number": 4
    },
    {
     "cell_type": "code",
     "collapsed": false,
     "input": [
      "for l in desc.splitlines():\n",
      "    print l"
     ],
     "language": "python",
     "metadata": {},
     "outputs": [
      {
       "output_type": "stream",
       "stream": "stdout",
       "text": [
        "Boston House Prices dataset\n",
        "\n",
        "Notes\n",
        "------\n",
        "Data Set Characteristics:  \n",
        "\n",
        "    :Number of Instances: 506 \n",
        "\n",
        "    :Number of Attributes: 13 numeric/categorical predictive\n",
        "    \n",
        "    :Median Value (attribute 14) is usually the target\n",
        "\n",
        "    :Attribute Information (in order):\n",
        "        - CRIM     per capita crime rate by town\n",
        "        - ZN       proportion of residential land zoned for lots over 25,000 sq.ft.\n",
        "        - INDUS    proportion of non-retail business acres per town\n",
        "        - CHAS     Charles River dummy variable (= 1 if tract bounds river; 0 otherwise)\n",
        "        - NOX      nitric oxides concentration (parts per 10 million)\n",
        "        - RM       average number of rooms per dwelling\n",
        "        - AGE      proportion of owner-occupied units built prior to 1940\n",
        "        - DIS      weighted distances to five Boston employment centres\n",
        "        - RAD      index of accessibility to radial highways\n",
        "        - TAX      full-value property-tax rate per $10,000\n",
        "        - PTRATIO  pupil-teacher ratio by town\n",
        "        - B        1000(Bk - 0.63)^2 where Bk is the proportion of blacks by town\n",
        "        - LSTAT    % lower status of the population\n",
        "        - MEDV     Median value of owner-occupied homes in $1000's\n",
        "\n",
        "    :Missing Attribute Values: None\n",
        "\n",
        "    :Creator: Harrison, D. and Rubinfeld, D.L.\n",
        "\n",
        "This is a copy of UCI ML housing dataset.\n",
        "http://archive.ics.uci.edu/ml/datasets/Housing\n",
        "\n",
        "\n",
        "This dataset was taken from the StatLib library which is maintained at Carnegie Mellon University.\n",
        "\n",
        "The Boston house-price data of Harrison, D. and Rubinfeld, D.L. 'Hedonic\n",
        "prices and the demand for clean air', J. Environ. Economics & Management,\n",
        "vol.5, 81-102, 1978.   Used in Belsley, Kuh & Welsch, 'Regression diagnostics\n",
        "...', Wiley, 1980.   N.B. Various transformations are used in the table on\n",
        "pages 244-261 of the latter.\n",
        "\n",
        "The Boston house-price data has been used in many machine learning papers that address regression\n",
        "problems.   \n",
        "     \n",
        "**References**\n",
        "\n",
        "   - Belsley, Kuh & Welsch, 'Regression diagnostics: Identifying Influential Data and Sources of Collinearity', Wiley, 1980. 244-261.\n",
        "   - Quinlan,R. (1993). Combining Instance-Based and Model-Based Learning. In Proceedings on the Tenth International Conference of Machine Learning, 236-243, University of Massachusetts, Amherst. Morgan Kaufmann.\n",
        "   - many more! (see http://archive.ics.uci.edu/ml/datasets/Housing)\n"
       ]
      }
     ],
     "prompt_number": 28
    },
    {
     "cell_type": "code",
     "collapsed": false,
     "input": [
      "x_cols = list(df.columns)\n",
      "y_col = 'MEDV'\n",
      "x_cols.remove('MEDV')"
     ],
     "language": "python",
     "metadata": {},
     "outputs": [],
     "prompt_number": 12
    },
    {
     "cell_type": "code",
     "collapsed": false,
     "input": [
      "sig_cols = []\n",
      "sig_pvals = []\n",
      "\n",
      "for x_col in x_cols:\n",
      "    # Find linear regression\n",
      "    fval, pval = f_select.f_regression(df[x_col], df[y_col])\n",
      "    \n",
      "    fval = fval[0] # Determines how well the variance is due the expected variance.\n",
      "    pval = pval[0] # \n",
      "    \n",
      "    if pval < 0.05:\n",
      "        sig_cols.append(x_col)\n",
      "        sig_pvals.append(pval)\n",
      "\n",
      "print 'sig_cols: ', sig_cols\n",
      "print 'sig_pvals: ', sig_pvals"
     ],
     "language": "python",
     "metadata": {},
     "outputs": [
      {
       "output_type": "stream",
       "stream": "stdout",
       "text": [
        "sig_cols:  ['CRIM', 'ZN', 'INDUS', 'CHAS', 'NOX', 'RM', 'AGE', 'DIS', 'RAD', 'TAX', 'PTRATIO', 'B', 'LSTAT']\n",
        "sig_pvals:  [2.0835501108141935e-19, 5.7135841530816856e-17, 4.9002599817533804e-31, 7.3906231705208155e-05, 7.0650415862543328e-24, 2.4872288710082951e-74, 1.5699822091882979e-18, 1.2066117273372841e-08, 5.4659325696489546e-19, 5.6377336276914977e-29, 1.6095094784731157e-34, 1.3181127340756421e-14, 5.0811033943885684e-88]\n"
       ]
      }
     ],
     "prompt_number": 18
    },
    {
     "cell_type": "code",
     "collapsed": false,
     "input": [
      "x_train, x_test, y_train, y_test = cv.train_test_split(df[sig_cols],\n",
      "                                                       df[y_col],\n",
      "                                                       test_size=0.2,\n",
      "                                                       random_state=1234)"
     ],
     "language": "python",
     "metadata": {},
     "outputs": [],
     "prompt_number": 20
    },
    {
     "cell_type": "code",
     "collapsed": false,
     "input": [
      "model = lm.LinearRegression().fit(x_train, y_train)\n",
      "\n",
      "print pd.DataFrame({'column': sig_cols,\n",
      "                    'coef': model.coef_,\n",
      "                    'p-value': sig_pvals,}).set_index('column')"
     ],
     "language": "python",
     "metadata": {},
     "outputs": [
      {
       "output_type": "stream",
       "stream": "stdout",
       "text": [
        "              coef       p-value\n",
        "column                          \n",
        "CRIM     -0.101430  2.083550e-19\n",
        "ZN        0.060103  5.713584e-17\n",
        "INDUS     0.035090  4.900260e-31\n",
        "CHAS      3.005667  7.390623e-05\n",
        "NOX     -20.452343  7.065042e-24\n",
        "RM        2.888021  2.487229e-74\n",
        "AGE      -0.005272  1.569982e-18\n",
        "DIS      -1.763233  1.206612e-08\n",
        "RAD       0.338682  5.465933e-19\n",
        "TAX      -0.013472  5.637734e-29\n",
        "PTRATIO  -1.020094  1.609509e-34\n",
        "B         0.010461  1.318113e-14\n",
        "LSTAT    -0.526300  5.081103e-88\n"
       ]
      }
     ],
     "prompt_number": 22
    },
    {
     "cell_type": "code",
     "collapsed": false,
     "input": [
      "# For training sets\n",
      "print 'score: ', model.score(x_train, y_train)\n",
      "print 'R2: ', metrics.r2_score(y_train, model.predict(x_train))"
     ],
     "language": "python",
     "metadata": {},
     "outputs": [
      {
       "output_type": "stream",
       "stream": "stdout",
       "text": [
        "score:  0.725029332231\n",
        "R2:  0.725029332231\n"
       ]
      }
     ],
     "prompt_number": 25
    },
    {
     "cell_type": "code",
     "collapsed": false,
     "input": [
      "# For testing sets\n",
      "print 'score: ', model.score(x_test, y_test)\n",
      "print 'R2: ', metrics.r2_score(y_test, model.predict(x_test))"
     ],
     "language": "python",
     "metadata": {},
     "outputs": [
      {
       "output_type": "stream",
       "stream": "stdout",
       "text": [
        "score:  0.766346023359\n",
        "R2:  0.766346023359\n"
       ]
      }
     ],
     "prompt_number": 26
    },
    {
     "cell_type": "markdown",
     "metadata": {},
     "source": [
      "#Calculate $R^2$"
     ]
    },
    {
     "cell_type": "markdown",
     "metadata": {},
     "source": [
      "* Sum of squares due to regression\n",
      "* Sum Squared Error\n",
      "* Trying to minimize this\n",
      "* Cost function\n",
      "* $SSR = \\Sigma(\\hat{y_i}-\\bar{y})^2$\n",
      "* $\\hat{y_i}$ : Target variable"
     ]
    },
    {
     "cell_type": "code",
     "collapsed": false,
     "input": [
      "sum_squares_regr = np.sum((model.predict(x_train) - np.mean(y_train))**2)\n",
      "print sum_squares_regr"
     ],
     "language": "python",
     "metadata": {},
     "outputs": [
      {
       "output_type": "stream",
       "stream": "stdout",
       "text": [
        "23357.4292496\n"
       ]
      }
     ],
     "prompt_number": 32
    },
    {
     "cell_type": "markdown",
     "metadata": {},
     "source": [
      "* Total Sum Squares\n",
      "* $SST = SSR+SSE$\n",
      "* $SSR$ : Sum of squares due to regression (cost function)\n",
      "* $SSE$ : Sum of Squared Residiuals (??)"
     ]
    },
    {
     "cell_type": "code",
     "collapsed": false,
     "input": [
      "total_sum_squares = np.sum((y_train - np.mean(y_train))**2)\n",
      "print total_sum_squares"
     ],
     "language": "python",
     "metadata": {},
     "outputs": [
      {
       "output_type": "stream",
       "stream": "stdout",
       "text": [
        "32215.840396\n"
       ]
      }
     ],
     "prompt_number": 34
    },
    {
     "cell_type": "markdown",
     "metadata": {},
     "source": [
      "$R^2 = SSR / SST$"
     ]
    },
    {
     "cell_type": "code",
     "collapsed": false,
     "input": [
      "r_squared = sum_squares_regr / total_sum_squares\n",
      "print r_squared"
     ],
     "language": "python",
     "metadata": {},
     "outputs": [
      {
       "output_type": "stream",
       "stream": "stdout",
       "text": [
        "0.725029332231\n"
       ]
      }
     ],
     "prompt_number": 35
    },
    {
     "cell_type": "markdown",
     "metadata": {},
     "source": [
      "#Machine Learning processes\n",
      "1. Pipline (transforming/cleaning)\n",
      "2. Feature selection\n",
      "3. Define training data and testing data\n",
      "4. Apply a model\n",
      "5. Learning diagnostics\n",
      "6. Repeat if necessary"
     ]
    },
    {
     "cell_type": "markdown",
     "metadata": {},
     "source": [
      "# Testing for Multicollinearity"
     ]
    },
    {
     "cell_type": "code",
     "collapsed": false,
     "input": [
      "heatmap_df = df[sig_cols].corr()\n",
      "heatmap_df"
     ],
     "language": "python",
     "metadata": {},
     "outputs": [
      {
       "html": [
        "<div style=\"max-height:1000px;max-width:1500px;overflow:auto;\">\n",
        "<table border=\"1\" class=\"dataframe\">\n",
        "  <thead>\n",
        "    <tr style=\"text-align: right;\">\n",
        "      <th></th>\n",
        "      <th>CRIM</th>\n",
        "      <th>ZN</th>\n",
        "      <th>INDUS</th>\n",
        "      <th>CHAS</th>\n",
        "      <th>NOX</th>\n",
        "      <th>RM</th>\n",
        "      <th>AGE</th>\n",
        "      <th>DIS</th>\n",
        "      <th>RAD</th>\n",
        "      <th>TAX</th>\n",
        "      <th>PTRATIO</th>\n",
        "      <th>B</th>\n",
        "      <th>LSTAT</th>\n",
        "    </tr>\n",
        "  </thead>\n",
        "  <tbody>\n",
        "    <tr>\n",
        "      <th>CRIM</th>\n",
        "      <td> 1.000000</td>\n",
        "      <td>-0.199458</td>\n",
        "      <td> 0.404471</td>\n",
        "      <td>-0.055295</td>\n",
        "      <td> 0.417521</td>\n",
        "      <td>-0.219940</td>\n",
        "      <td> 0.350784</td>\n",
        "      <td>-0.377904</td>\n",
        "      <td> 0.622029</td>\n",
        "      <td> 0.579564</td>\n",
        "      <td> 0.288250</td>\n",
        "      <td>-0.377365</td>\n",
        "      <td> 0.452220</td>\n",
        "    </tr>\n",
        "    <tr>\n",
        "      <th>ZN</th>\n",
        "      <td>-0.199458</td>\n",
        "      <td> 1.000000</td>\n",
        "      <td>-0.533828</td>\n",
        "      <td>-0.042697</td>\n",
        "      <td>-0.516604</td>\n",
        "      <td> 0.311991</td>\n",
        "      <td>-0.569537</td>\n",
        "      <td> 0.664408</td>\n",
        "      <td>-0.311948</td>\n",
        "      <td>-0.314563</td>\n",
        "      <td>-0.391679</td>\n",
        "      <td> 0.175520</td>\n",
        "      <td>-0.412995</td>\n",
        "    </tr>\n",
        "    <tr>\n",
        "      <th>INDUS</th>\n",
        "      <td> 0.404471</td>\n",
        "      <td>-0.533828</td>\n",
        "      <td> 1.000000</td>\n",
        "      <td> 0.062938</td>\n",
        "      <td> 0.763651</td>\n",
        "      <td>-0.391676</td>\n",
        "      <td> 0.644779</td>\n",
        "      <td>-0.708027</td>\n",
        "      <td> 0.595129</td>\n",
        "      <td> 0.720760</td>\n",
        "      <td> 0.383248</td>\n",
        "      <td>-0.356977</td>\n",
        "      <td> 0.603800</td>\n",
        "    </tr>\n",
        "    <tr>\n",
        "      <th>CHAS</th>\n",
        "      <td>-0.055295</td>\n",
        "      <td>-0.042697</td>\n",
        "      <td> 0.062938</td>\n",
        "      <td> 1.000000</td>\n",
        "      <td> 0.091203</td>\n",
        "      <td> 0.091251</td>\n",
        "      <td> 0.086518</td>\n",
        "      <td>-0.099176</td>\n",
        "      <td>-0.007368</td>\n",
        "      <td>-0.035587</td>\n",
        "      <td>-0.121515</td>\n",
        "      <td> 0.048788</td>\n",
        "      <td>-0.053929</td>\n",
        "    </tr>\n",
        "    <tr>\n",
        "      <th>NOX</th>\n",
        "      <td> 0.417521</td>\n",
        "      <td>-0.516604</td>\n",
        "      <td> 0.763651</td>\n",
        "      <td> 0.091203</td>\n",
        "      <td> 1.000000</td>\n",
        "      <td>-0.302188</td>\n",
        "      <td> 0.731470</td>\n",
        "      <td>-0.769230</td>\n",
        "      <td> 0.611441</td>\n",
        "      <td> 0.668023</td>\n",
        "      <td> 0.188933</td>\n",
        "      <td>-0.380051</td>\n",
        "      <td> 0.590879</td>\n",
        "    </tr>\n",
        "    <tr>\n",
        "      <th>RM</th>\n",
        "      <td>-0.219940</td>\n",
        "      <td> 0.311991</td>\n",
        "      <td>-0.391676</td>\n",
        "      <td> 0.091251</td>\n",
        "      <td>-0.302188</td>\n",
        "      <td> 1.000000</td>\n",
        "      <td>-0.240265</td>\n",
        "      <td> 0.205246</td>\n",
        "      <td>-0.209847</td>\n",
        "      <td>-0.292048</td>\n",
        "      <td>-0.355501</td>\n",
        "      <td> 0.128069</td>\n",
        "      <td>-0.613808</td>\n",
        "    </tr>\n",
        "    <tr>\n",
        "      <th>AGE</th>\n",
        "      <td> 0.350784</td>\n",
        "      <td>-0.569537</td>\n",
        "      <td> 0.644779</td>\n",
        "      <td> 0.086518</td>\n",
        "      <td> 0.731470</td>\n",
        "      <td>-0.240265</td>\n",
        "      <td> 1.000000</td>\n",
        "      <td>-0.747881</td>\n",
        "      <td> 0.456022</td>\n",
        "      <td> 0.506456</td>\n",
        "      <td> 0.261515</td>\n",
        "      <td>-0.273534</td>\n",
        "      <td> 0.602339</td>\n",
        "    </tr>\n",
        "    <tr>\n",
        "      <th>DIS</th>\n",
        "      <td>-0.377904</td>\n",
        "      <td> 0.664408</td>\n",
        "      <td>-0.708027</td>\n",
        "      <td>-0.099176</td>\n",
        "      <td>-0.769230</td>\n",
        "      <td> 0.205246</td>\n",
        "      <td>-0.747881</td>\n",
        "      <td> 1.000000</td>\n",
        "      <td>-0.494588</td>\n",
        "      <td>-0.534432</td>\n",
        "      <td>-0.232471</td>\n",
        "      <td> 0.291512</td>\n",
        "      <td>-0.496996</td>\n",
        "    </tr>\n",
        "    <tr>\n",
        "      <th>RAD</th>\n",
        "      <td> 0.622029</td>\n",
        "      <td>-0.311948</td>\n",
        "      <td> 0.595129</td>\n",
        "      <td>-0.007368</td>\n",
        "      <td> 0.611441</td>\n",
        "      <td>-0.209847</td>\n",
        "      <td> 0.456022</td>\n",
        "      <td>-0.494588</td>\n",
        "      <td> 1.000000</td>\n",
        "      <td> 0.910228</td>\n",
        "      <td> 0.464741</td>\n",
        "      <td>-0.444413</td>\n",
        "      <td> 0.488676</td>\n",
        "    </tr>\n",
        "    <tr>\n",
        "      <th>TAX</th>\n",
        "      <td> 0.579564</td>\n",
        "      <td>-0.314563</td>\n",
        "      <td> 0.720760</td>\n",
        "      <td>-0.035587</td>\n",
        "      <td> 0.668023</td>\n",
        "      <td>-0.292048</td>\n",
        "      <td> 0.506456</td>\n",
        "      <td>-0.534432</td>\n",
        "      <td> 0.910228</td>\n",
        "      <td> 1.000000</td>\n",
        "      <td> 0.460853</td>\n",
        "      <td>-0.441808</td>\n",
        "      <td> 0.543993</td>\n",
        "    </tr>\n",
        "    <tr>\n",
        "      <th>PTRATIO</th>\n",
        "      <td> 0.288250</td>\n",
        "      <td>-0.391679</td>\n",
        "      <td> 0.383248</td>\n",
        "      <td>-0.121515</td>\n",
        "      <td> 0.188933</td>\n",
        "      <td>-0.355501</td>\n",
        "      <td> 0.261515</td>\n",
        "      <td>-0.232471</td>\n",
        "      <td> 0.464741</td>\n",
        "      <td> 0.460853</td>\n",
        "      <td> 1.000000</td>\n",
        "      <td>-0.177383</td>\n",
        "      <td> 0.374044</td>\n",
        "    </tr>\n",
        "    <tr>\n",
        "      <th>B</th>\n",
        "      <td>-0.377365</td>\n",
        "      <td> 0.175520</td>\n",
        "      <td>-0.356977</td>\n",
        "      <td> 0.048788</td>\n",
        "      <td>-0.380051</td>\n",
        "      <td> 0.128069</td>\n",
        "      <td>-0.273534</td>\n",
        "      <td> 0.291512</td>\n",
        "      <td>-0.444413</td>\n",
        "      <td>-0.441808</td>\n",
        "      <td>-0.177383</td>\n",
        "      <td> 1.000000</td>\n",
        "      <td>-0.366087</td>\n",
        "    </tr>\n",
        "    <tr>\n",
        "      <th>LSTAT</th>\n",
        "      <td> 0.452220</td>\n",
        "      <td>-0.412995</td>\n",
        "      <td> 0.603800</td>\n",
        "      <td>-0.053929</td>\n",
        "      <td> 0.590879</td>\n",
        "      <td>-0.613808</td>\n",
        "      <td> 0.602339</td>\n",
        "      <td>-0.496996</td>\n",
        "      <td> 0.488676</td>\n",
        "      <td> 0.543993</td>\n",
        "      <td> 0.374044</td>\n",
        "      <td>-0.366087</td>\n",
        "      <td> 1.000000</td>\n",
        "    </tr>\n",
        "  </tbody>\n",
        "</table>\n",
        "</div>"
       ],
       "metadata": {},
       "output_type": "pyout",
       "prompt_number": 53,
       "text": [
        "             CRIM        ZN     INDUS      CHAS       NOX        RM       AGE       DIS       RAD       TAX   PTRATIO         B     LSTAT\n",
        "CRIM     1.000000 -0.199458  0.404471 -0.055295  0.417521 -0.219940  0.350784 -0.377904  0.622029  0.579564  0.288250 -0.377365  0.452220\n",
        "ZN      -0.199458  1.000000 -0.533828 -0.042697 -0.516604  0.311991 -0.569537  0.664408 -0.311948 -0.314563 -0.391679  0.175520 -0.412995\n",
        "INDUS    0.404471 -0.533828  1.000000  0.062938  0.763651 -0.391676  0.644779 -0.708027  0.595129  0.720760  0.383248 -0.356977  0.603800\n",
        "CHAS    -0.055295 -0.042697  0.062938  1.000000  0.091203  0.091251  0.086518 -0.099176 -0.007368 -0.035587 -0.121515  0.048788 -0.053929\n",
        "NOX      0.417521 -0.516604  0.763651  0.091203  1.000000 -0.302188  0.731470 -0.769230  0.611441  0.668023  0.188933 -0.380051  0.590879\n",
        "RM      -0.219940  0.311991 -0.391676  0.091251 -0.302188  1.000000 -0.240265  0.205246 -0.209847 -0.292048 -0.355501  0.128069 -0.613808\n",
        "AGE      0.350784 -0.569537  0.644779  0.086518  0.731470 -0.240265  1.000000 -0.747881  0.456022  0.506456  0.261515 -0.273534  0.602339\n",
        "DIS     -0.377904  0.664408 -0.708027 -0.099176 -0.769230  0.205246 -0.747881  1.000000 -0.494588 -0.534432 -0.232471  0.291512 -0.496996\n",
        "RAD      0.622029 -0.311948  0.595129 -0.007368  0.611441 -0.209847  0.456022 -0.494588  1.000000  0.910228  0.464741 -0.444413  0.488676\n",
        "TAX      0.579564 -0.314563  0.720760 -0.035587  0.668023 -0.292048  0.506456 -0.534432  0.910228  1.000000  0.460853 -0.441808  0.543993\n",
        "PTRATIO  0.288250 -0.391679  0.383248 -0.121515  0.188933 -0.355501  0.261515 -0.232471  0.464741  0.460853  1.000000 -0.177383  0.374044\n",
        "B       -0.377365  0.175520 -0.356977  0.048788 -0.380051  0.128069 -0.273534  0.291512 -0.444413 -0.441808 -0.177383  1.000000 -0.366087\n",
        "LSTAT    0.452220 -0.412995  0.603800 -0.053929  0.590879 -0.613808  0.602339 -0.496996  0.488676  0.543993  0.374044 -0.366087  1.000000"
       ]
      }
     ],
     "prompt_number": 53
    },
    {
     "cell_type": "code",
     "collapsed": false,
     "input": [
      "fig, ax = plt.subplots()\n",
      "heatmap = ax.pcolor(heatmap_df, cmap=plt.cm.Reds)\n",
      "\n",
      "ax.set_xticks(np.arange(heatmap_df.shape[0])+0.5, minor=False)\n",
      "ax.set_yticks(np.arange(heatmap_df.shape[1])+0.5, minor=False)\n",
      "\n",
      "ax.set_xticklabels(sig_cols, minor=False)\n",
      "ax.set_yticklabels(sig_cols, minor=False)\n",
      "\n",
      "plt.show()"
     ],
     "language": "python",
     "metadata": {},
     "outputs": [
      {
       "metadata": {},
       "output_type": "display_data",
